
VETOR QTDE DE COMPARACOES PARA INSERCAO:
22880
22856
23430
21628
23882
22518
23272
22670
23576
22612
22752
22478
24186
21914
24482
24292
23484
25202
22950
22072
23720
21950
23012
24738
22108
23482
21186
21466
23504
24942
24208
26848
22078
23024
22834
25054
22232
23288
22802
22328
23766
22712
21950
23682
21668
22872
23874
24638
23376
22248
22160
25860
23058
23662
21694
21742
23488
22336
21120
23046
22542
22390
21400
24586
22802
22264
22366
22878
22310
22062
22574
21270
23352
24014
25184
21222
23600
24454
24508
21580
23928
22286
21796
22960
25386
23720
21536
22314
25562
23408
21120
23120
21668
23396
23522
22294
24632
21598
22208
21332


VETOR QTDE DE COMPARACOES PARA BUSCA:
31
52
46
40
34
40
40
31
22
28
25
43
28
31
37
31
40
40
31
31
25
13
37
22
40
46
40
25
43
55
28
34
46
19
25
43
25
22
40
52
49
43
37
43
22
40
34
43
40
13
25
43
40
31
43
52
13
28
31
28
28
37
34
46
31
40
28
13
31
25
43
37
46
25
16
19
25
19
25
55
49
43
28
31
28
37
37
22
58
34
28
34
34
52
22
28
46
46
31
13

