

VETOR COM O N de COMPARACOES PARA  BUSCA:
1233
2001
1053
179
2001
1979
2001
1913
865
2001
511
2001
2001
2001
1385
1509
2001
1941
675
1471
2001
2001
1845
75
2001
683
1351
2001
453
1897
393
2001
2001
233
2001
2001
1473
53
2001
1157
1241
1479
609
333
315
2001
2001
1973
2001
1771
1399
835
523
1877
1595
2001
923
1367
2001
2001
1945
2001
2001
2001
1459
2001
1449
2001
2001
1285
567
1293
1029
1561
2001
1447
2001
1967
2001
1631
1753
2001
2001
2001
2001
2001
2001
1129
413
209
1577
1617
1079
2001
2001
2001
2001
2001
1693
1875


VETOR COM O N de COMPARACOES PARA INSERCAO:
521954
496588
489936
508770
498028
510502
496858
500480
520662
500354
498234
495238
509108
518528
507864
492134
510374
491746
512150
503214
483114
507730
501582
503508
491034
487530
495902
499266
490678
496860
500556
500742
509978
505140
502600
520560
499260
507434
509786
511574
521644
513380
508586
499292
497932
515520
520760
500646
517368
500570
507230
520126
498374
489770
494272
517156
507358
517310
530494
502018
487552
508474
502388
487196
487254
499120
495292
503532
500504
487812
506584
511136
500780
500130
502528
501832
493468
503342
483346
499576
499726
501510
516288
504036
513548
512856
513398
495318
506562
520698
517696
512134
501898
491982
492872
496482
496848
479706
515840
502498


VETOR COM O N de MOVIMENTACOES PARA INSERCAO:
2000
2000
2000
2000
2000
2000
2000
2000
2000
2000
2000
2000
2000
2000
2000
2000
2000
2000
2000
2000
2000
2000
2000
2000
2000
2000
2000
2000
2000
2000
2000
2000
2000
2000
2000
2000
2000
2000
2000
2000
2000
2000
2000
2000
2000
2000
2000
2000
2000
2000
2000
2000
2000
2000
2000
2000
2000
2000
2000
2000
2000
2000
2000
2000
2000
2000
2000
2000
2000
2000
2000
2000
2000
2000
2000
2000
2000
2000
2000
2000
2000
2000
2000
2000
2000
2000
2000
2000
2000
2000
2000
2000
2000
2000
2000
2000
2000
2000
2000
2000