
VETOR QTDE DE COMPARACOES PARA INSERCAO:
2000
2000
2000
2000
2000
2000
2000
2000
2000
2000
2000
2000
2000
2000
2000
2000
2000
2000
2000
2000
2000
2000
2000
2000
2000
2000
2000
2000
2000
2000
2000
2000
2000
2000
2000
2000
2000
2000
2000
2000
2000
2000
2000
2000
2000
2000
2000
2000
2000
2000
2000
2000
2000
2000
2000
2000
2000
2000
2000
2000
2000
2000
2000
2000
2000
2000
2000
2000
2000
2000
2000
2000
2000
2000
2000
2000
2000
2000
2000
2000
2000
2000
2000
2000
2000
2000
2000
2000
2000
2000
2000
2000
2000
2000
2000
2000
2000
2000
2000
2000


VETOR QTDE DE COMPARACOES PARA BUSCA:
268
1000
1000
217
1000
1000
1000
1000
1000
941
51
1000
971
218
369
1000
479
375
204
573
424
1000
1000
119
1000
1000
1000
1000
393
569
765
974
37
282
853
1000
84
42
278
278
380
489
1000
19
1000
715
405
96
1000
309
49
1000
555
547
1000
1000
90
827
474
83
1000
1000
592
1000
845
1000
125
403
1000
1000
1000
1000
327
182
1000
32
212
1000
827
1000
13
1000
615
435
1000
98
1000
342
1000
522
1000
665
9
1000
1000
430
1000
1000
417
380

