
N de Op. de INSERCAO: 
1000
1000
1000
1000
1000
1000
1000
1000
1000
1000
1000
1000
1000
1000
1000
1000
1000
1000
1000
1000
1000
1000
1000
1000
1000
1000
1000
1000
1000
1000
1000
1000
1000
1000
1000
1000
1000
1000
1000
1000
1000
1000
1000
1000
1000
1000
1000
1000
1000
1000
1000
1000
1000
1000
1000
1000
1000
1000
1000
1000
1000
1000
1000
1000
1000
1000
1000
1000
1000
1000
1000
1000
1000
1000
1000
1000
1000
1000
1000
1000
1000
1000
1000
1000
1000
1000
1000
1000
1000
1000
1000
1000
1000
1000
1000
1000
1000
1000
1000
1000

N de Op. de BUSCA: 
610
308
94
860
395
616
1000
366
394
109
1000
158
112
221
1000
1000
1000
492
579
245
50
1000
1000
993
361
231
190
1000
1000
610
244
427
229
743
1000
1000
1000
1000
1000
52
611
468
615
263
426
300
45
608
789
159
164
426
1000
837
279
1000
480
170
297
802
1000
1000
82
1000
1
542
83
762
1000
1000
438
1000
1000
194
1000
414
899
1000
1000
267
1000
309
1000
1000
435
1000
1000
28
637
985
526
1
627
1000
1000
255
1000
306
1000
949
