N de Op. de INSERCAO:
1000
1000
1000
1000
1000
1000
1000
1000
1000
1000
1000
1000
1000
1000
1000
1000
1000
1000
1000
1000
1000
1000
1000
1000
1000
1000
1000
1000
1000
1000
1000
1000
1000
1000
1000
1000
1000
1000
1000
1000
1000
1000
1000
1000
1000
1000
1000
1000
1000
1000
1000
1000
1000
1000
1000
1000
1000
1000
1000
1000
1000
1000
1000
1000
1000
1000
1000
1000
1000
1000
1000
1000
1000
1000
1000
1000
1000
1000
1000
1000
1000
1000
1000
1000
1000
1000
1000
1000
1000
1000
1000
1000
1000
1000
1000
1000
1000
1000
1000
1000

N de Op. de ORDENACAO:
495882
504700
506298
485128
508378
521648
513382
505592
519696
501708
485988
489914
489374
502190
472644
508710
491982
505166
486662
496880
498086
491966
495954
509518
500978
501812
489074
502868
490246
509796
471756
492664
503882
506704
502822
487220
487540
497426
493854
507564
500514
515526
505896
502000
500994
499126
481942
516038
484906
484054
487548
520074
505864
494820
493630
505492
498798
500478
496638
490842
505528
492420
495802
510408
499392
489272
481032
484152
503320
502458
511372
472462
493772
491256
485078
516564
491854
495180
508354
504452
486708
516458
513138
501820
504528
508138
484156
488206
506634
491498
497248
512518
510218
508102
494276
499126
492074
510212
497238
491880

N de Op. de BUSCA:
15
20
20
20
11
20
19
11
9
15
19
5
17
19
20
15
13
20
15
15
20
15
19
19
20
19
9
17
20
20
20
17
15
17
19
17
17
17
11
19
17
19
20
17
20
20
7
17
19
20
20
15
20
11
17
20
19
17
13
20
20
17
20
20
19
19
20
15
11
19
15
17
20
19
17
13
15
19
15
20
19
20
19
13
15
19
13
15
20
18
20
20
15
17
19
20
20
17
7
20